0 39 75 103 121 127 121 103 75 39 0 -20 -37 -51 -60 -63 15075
39 75 103 121 127 121 103 75 39 0 -20 -37 -51 -60 -63 -60 6699
75 103 121 127 121 103 75 39 0 -20 -37 -51 -60 -63 -60 -51 -556
103 121 127 121 103 75 39 0 -20 -37 -51 -60 -63 -60 -51 -37 -4345
121 127 121 103 75 39 0 -20 -37 -51 -60 -63 -60 -51 -37 -20 -9922
127 121 103 75 39 0 -20 -37 -51 -60 -63 -60 -51 -37 -20 0 -14028
121 103 75 39 0 -20 -37 -51 -60 -63 -60 -51 -37 -20 0 20 -16513
103 75 39 0 -20 -37 -51 -60 -63 -60 -51 -37 -20 0 20 37 -17520
75 39 0 -20 -37 -51 -60 -63 -60 -51 -37 -20 0 20 37 51 -16621
39 0 -20 -37 -51 -60 -63 -60 -51 -37 -20 0 20 37 51 60 -13758
0 -20 -37 -51 -60 -63 -60 -51 -37 -20 0 20 37 51 60 63 -9630
-20 -37 -51 -60 -63 -60 -51 -37 -20 0 20 37 51 60 63 60 -5044
-37 -51 -60 -63 -60 -51 -37 -20 0 20 37 51 60 63 60 51 89
-51 -60 -63 -60 -51 -37 -20 0 20 37 51 60 63 60 51 37 5009
-60 -63 -60 -51 -37 -20 0 20 37 51 60 63 60 51 37 20 9577
-63 -60 -51 -37 -20 0 20 37 51 60 63 60 51 37 20 0 13120
-60 -51 -37 -20 0 20 37 51 60 63 60 51 37 20 0 -20 15463
-51 -37 -20 0 20 37 51 60 63 60 51 37 20 0 -20 -37 16348
-37 -20 0 20 37 51 60 63 60 51 37 20 0 -20 -37 -51 15506
-20 0 20 37 51 60 63 60 51 37 20 0 -20 -37 -51 -60 13083
0 20 37 51 60 63 60 51 37 20 0 -20 -37 -51 -60 -63 9534
20 37 51 60 63 60 51 37 20 0 -20 -37 -51 -60 -63 -60 4955
37 51 60 63 60 51 37 20 0 -20 -37 -51 -60 -63 -60 -51 -45
51 60 63 60 51 37 20 0 -20 -37 -51 -60 -63 -60 -51 -37 -4994
60 63 60 51 37 20 0 -20 -37 -51 -60 -63 -60 -51 -37 -20 -9625
63 60 51 37 20 0 -20 -37 -51 -60 -63 -60 -51 -37 -20 0 -13162
60 51 37 20 0 -20 -37 -51 -60 -63 -60 -51 -37 -20 0 20 -15472
51 37 20 0 -20 -37 -51 -60 -63 -60 -51 -37 -20 0 20 37 -16338
37 20 0 -20 -37 -51 -60 -63 -60 -51 -37 -20 0 20 37 51 -15462
20 0 -20 -37 -51 -60 -63 -60 -51 -37 -20 0 20 37 51 60 -13197
0 -20 -37 -51 -60 -63 -60 -51 -37 -20 0 20 37 51 60 63 -9630
-20 -37 -51 -60 -63 -60 -51 -37 -20 0 20 37 51 60 63 60 -5044
-37 -51 -60 -63 -60 -51 -37 -20 0 20 37 51 60 63 60 51 89
-51 -60 -63 -60 -51 -37 -20 0 20 37 51 60 63 60 51 37 5009
-60 -63 -60 -51 -37 -20 0 20 37 51 60 63 60 51 37 20 9577
-63 -60 -51 -37 -20 0 20 37 51 60 63 60 51 37 20 0 13120
-60 -51 -37 -20 0 20 37 51 60 63 60 51 37 20 0 -20 15463
-51 -37 -20 0 20 37 51 60 63 60 51 37 20 0 -20 -37 16348
-37 -20 0 20 37 51 60 63 60 51 37 20 0 -20 -37 -51 15506
-20 0 20 37 51 60 63 60 51 37 20 0 -20 -37 -51 -60 13083
0 20 37 51 60 63 60 51 37 20 0 -20 -37 -51 -60 -63 9534
20 37 51 60 63 60 51 37 20 0 -20 -37 -51 -60 -63 -60 4955
37 51 60 63 60 51 37 20 0 -20 -37 -51 -60 -63 -60 -51 -45
51 60 63 60 51 37 20 0 -20 -37 -51 -60 -63 -60 -51 -37 -4994
60 63 60 51 37 20 0 -20 -37 -51 -60 -63 -60 -51 -37 -19 -9625
63 60 51 37 20 0 -20 -37 -51 -60 -63 -60 -51 -37 -19 0 -13162
60 51 37 20 0 -20 -37 -51 -60 -63 -60 -51 -37 -19 0 20 -15510
51 37 20 0 -20 -37 -51 -60 -63 -60 -51 -37 -19 0 20 37 -16248
37 20 0 -20 -37 -51 -60 -63 -60 -51 -37 -19 0 20 37 51 -15462
20 0 -20 -37 -51 -60 -63 -60 -51 -37 -19 0 20 37 51 60 -13197
0 -20 -37 -51 -60 -63 -60 -51 -37 -19 0 20 37 51 60 63 -9630
-20 -37 -51 -60 -63 -60 -51 -37 -19 0 20 37 51 60 63 60 -4943
-37 -51 -60 -63 -60 -51 -37 -19 0 20 37 51 60 63 60 51 89
-51 -60 -63 -60 -51 -37 -19 0 20 37 51 60 63 60 51 37 5099
-60 -63 -60 -51 -37 -19 0 20 37 51 60 63 60 51 37 19 9678
-63 -60 -51 -37 -19 0 20 37 51 60 63 60 51 37 19 0 13221
-60 -51 -37 -19 0 20 37 51 60 63 60 51 37 19 0 -20 15463
-51 -37 -19 0 20 37 51 60 63 60 51 37 19 0 -20 -37 16247
-37 -19 0 20 37 51 60 63 60 51 37 19 0 -20 -37 -51 15506
-19 0 20 37 51 60 63 60 51 37 19 0 -20 -37 -51 -60 13083
0 20 37 51 60 63 60 51 37 19 0 -20 -37 -51 -60 -63 9433
20 37 51 60 63 60 51 37 19 0 -20 -37 -51 -60 -63 -60 4955
37 51 60 63 60 51 37 19 0 -20 -37 -51 -60 -63 -60 -51 -53
51 60 63 60 51 37 19 0 -20 -37 -51 -60 -63 -60 -51 -37 -4994
60 63 60 51 37 19 0 -20 -37 -51 -60 -63 -60 -51 -37 -19 -9625
63 60 51 37 19 0 -20 -37 -51 -60 -63 -60 -51 -37 -19 0 -13162
60 51 37 19 0 -20 -37 -51 -60 -63 -60 -51 -37 -19 0 20 -15510
51 37 19 0 -20 -37 -51 -60 -63 -60 -51 -37 -19 0 20 37 -16338
37 19 0 -20 -37 -51 -60 -63 -60 -51 -37 -19 0 20 37 51 -15462
19 0 -20 -37 -51 -60 -63 -60 -51 -37 -19 0 20 37 51 60 -13197
0 -20 -37 -51 -60 -63 -60 -51 -37 -19 0 20 37 51 60 63 -9630
-20 -37 -51 -60 -63 -60 -51 -37 -19 0 20 37 51 60 63 60 -4943
-37 -51 -60 -63 -60 -51 -37 -19 0 20 37 51 60 63 60 51 89
-51 -60 -63 -60 -51 -37 -19 0 20 37 51 60 63 60 51 37 5099
-60 -63 -60 -51 -37 -19 0 20 37 51 60 63 60 51 37 19 9678
-63 -60 -51 -37 -19 0 20 37 51 60 63 60 51 37 19 0 13221
-60 -51 -37 -19 0 20 37 51 60 63 60 51 37 19 0 -20 15463
-51 -37 -19 0 20 37 51 60 63 60 51 37 19 0 -20 -37 16247
-37 -19 0 20 37 51 60 63 60 51 37 19 0 -20 -37 -51 15506
-19 0 20 37 51 60 63 60 51 37 19 0 -20 -37 -51 -60 13083
0 20 37 51 60 63 60 51 37 19 0 -20 -37 -51 -60 -63 9433
20 37 51 60 63 60 51 37 19 0 -20 -37 -51 -60 -63 -60 4955
37 51 60 63 60 51 37 19 0 -20 -37 -51 -60 -63 -60 -51 -53
51 60 63 60 51 37 19 0 -20 -37 -51 -60 -63 -60 -51 -37 -4994
60 63 60 51 37 19 0 -20 -37 -51 -60 -63 -60 -51 -37 -19 -9625
63 60 51 37 19 0 -20 -37 -51 -60 -63 -60 -51 -37 -19 0 -13162
60 51 37 19 0 -20 -37 -51 -60 -63 -60 -51 -37 -19 0 20 -15510
51 37 19 0 -20 -37 -51 -60 -63 -60 -51 -37 -19 0 20 38 -16338
37 19 0 -20 -37 -51 -60 -63 -60 -51 -37 -19 0 20 38 52 -15552
19 0 -20 -37 -51 -60 -63 -60 -51 -37 -19 0 20 38 52 60 -13287
0 -20 -37 -51 -60 -63 -60 -51 -37 -19 0 20 38 52 60 63 -9630
-20 -37 -51 -60 -63 -60 -51 -37 -19 0 20 38 52 60 63 60 -4853
-37 -51 -60 -63 -60 -51 -37 -19 0 20 38 52 60 63 60 51 89
-51 -60 -63 -60 -51 -37 -19 0 20 38 52 60 63 60 51 37 5200
-60 -63 -60 -51 -37 -19 0 20 38 52 60 63 60 51 37 19 9678
-63 -60 -51 -37 -19 0 20 38 52 60 63 60 51 37 19 0 13221
-60 -51 -37 -19 0 20 38 52 60 63 60 51 37 19 0 -20 15519
-51 -37 -19 0 20 38 52 60 63 60 51 37 19 0 -20 -38 16348
-37 -19 0 20 38 52 60 63 60 51 37 19 0 -20 -38 -52 15607
-19 0 20 38 52 60 63 60 51 37 19 0 -20 -38 -52 -60 13131
0 20 38 52 60 63 60 51 37 19 0 -20 -38 -52 -60 -63 9433
20 38 52 60 63 60 51 37 19 0 -20 -38 -52 -60 -63 -60 4798
38 52 60 63 60 51 37 19 0 -20 -38 -52 -60 -63 -60 -51 -202
52 60 63 60 51 37 19 0 -20 -38 -52 -60 -63 -60 -51 -37 -5211
60 63 60 51 37 19 0 -20 -38 -52 -60 -63 -60 -51 -37 -19 -9752
63 60 51 37 19 0 -20 -38 -52 -60 -63 -60 -51 -37 -19 0 -13289
60 51 37 19 0 -20 -38 -52 -60 -63 -60 -51 -37 -19 0 20 -15727
51 37 19 0 -20 -38 -52 -60 -63 -60 -51 -37 -19 0 20 38 -16338
37 19 0 -20 -38 -52 -60 -63 -60 -51 -37 -19 0 20 38 52 -15552
19 0 -20 -38 -52 -60 -63 -60 -51 -37 -19 0 20 38 52 60 -13287
0 -20 -38 -52 -60 -63 -60 -51 -37 -19 0 20 38 52 60 63 -9630
-20 -38 -52 -60 -63 -60 -51 -37 -19 0 20 38 52 60 63 60 -4853
-38 -52 -60 -63 -60 -51 -37 -19 0 20 38 52 60 63 60 51 89
-52 -60 -63 -60 -51 -37 -19 0 20 38 52 60 63 60 51 37 5200
-60 -63 -60 -51 -37 -19 0 20 38 52 60 63 60 51 37 19 9678
-63 -60 -51 -37 -19 0 20 38 52 60 63 60 51 37 19 0 13221
-60 -51 -37 -19 0 20 38 52 60 63 60 51 37 19 0 -20 15519
-51 -37 -19 0 20 38 52 60 63 60 51 37 19 0 -20 -38 16348
-37 -19 0 20 38 52 60 63 60 51 37 19 0 -20 -38 -52 15607
-19 0 20 38 52 60 63 60 51 37 19 0 -20 -38 -52 -60 13131
0 20 38 52 60 63 60 51 37 19 0 -20 -38 -52 -60 -63 9433
20 38 52 60 63 60 51 37 19 0 -20 -38 -52 -60 -63 -60 4798
38 52 60 63 60 51 37 19 0 -20 -38 -52 -60 -63 -60 -51 -202
52 60 63 60 51 37 19 0 -20 -38 -52 -60 -63 -60 -51 -37 -5211
60 63 60 51 37 19 0 -20 -38 -52 -60 -63 -60 -51 -37 -19 -9752
63 60 51 37 19 0 -20 -38 -52 -60 -63 -60 -51 -37 -19 0 -13289
60 51 37 19 0 -20 -38 -52 -60 -63 -60 -51 -37 -19 0 20 -15727
51 37 19 0 -20 -38 -52 -60 -63 -60 -51 -37 -19 0 20 38 -16338
37 19 0 -20 -38 -52 -60 -63 -60 -51 -37 -19 0 20 38 52 -15552
19 0 -20 -38 -52 -60 -63 -60 -51 -37 -19 0 20 38 52 60 -13287
0 -20 -38 -52 -60 -63 -60 -51 -37 -19 0 20 38 52 60 63 -9630
-20 -38 -52 -60 -63 -60 -51 -37 -19 0 20 38 52 60 63 60 -4853
-38 -52 -60 -63 -60 -51 -37 -19 0 20 38 52 60 63 60 51 89
-52 -60 -63 -60 -51 -37 -19 0 20 38 52 60 63 60 51 37 5200
-60 -63 -60 -51 -37 -19 0 20 38 52 60 63 60 51 37 19 9678
-63 -60 -51 -37 -19 0 20 38 52 60 63 60 51 37 19 0 13221
-60 -51 -37 -19 0 20 38 52 60 63 60 51 37 19 0 -20 15519
-51 -37 -19 0 20 38 52 60 63 60 51 37 19 0 -20 -38 16348
-37 -19 0 20 38 52 60 63 60 51 37 19 0 -20 -38 -52 15607
-19 0 20 38 52 60 63 60 51 37 19 0 -20 -38 -52 -60 13131
0 20 38 52 60 63 60 51 37 19 0 -20 -38 -52 -60 -63 9433
20 38 52 60 63 60 51 37 19 0 -20 -38 -52 -60 -63 -60 4798
38 52 60 63 60 51 37 19 0 -20 -38 -52 -60 -63 -60 -51 -202
52 60 63 60 51 37 19 0 -20 -38 -52 -60 -63 -60 -51 -37 -5211
60 63 60 51 37 19 0 -20 -38 -52 -60 -63 -60 -51 -37 -19 -9752
63 60 51 37 19 0 -20 -38 -52 -60 -63 -60 -51 -37 -19 0 -13289
60 51 37 19 0 -20 -38 -52 -60 -63 -60 -51 -37 -19 0 20 -15727
51 37 19 0 -20 -38 -52 -60 -63 -60 -51 -37 -19 0 20 38 -16338
37 19 0 -20 -38 -52 -60 -63 -60 -51 -37 -19 0 20 38 52 -15552
19 0 -20 -38 -52 -60 -63 -60 -51 -37 -19 0 20 38 52 60 -13287
0 -20 -38 -52 -60 -63 -60 -51 -37 -19 0 20 38 52 60 63 -9630
-20 -38 -52 -60 -63 -60 -51 -37 -19 0 20 38 52 60 63 60 -4853
-38 -52 -60 -63 -60 -51 -37 -19 0 20 38 52 60 63 60 51 89
-52 -60 -63 -60 -51 -37 -19 0 20 38 52 60 63 60 51 37 5200
-60 -63 -60 -51 -37 -19 0 20 38 52 60 63 60 51 37 19 9678
-63 -60 -51 -37 -19 0 20 38 52 60 63 60 51 37 19 0 13221
-60 -51 -37 -19 0 20 38 52 60 63 60 51 37 19 0 -20 15519
-51 -37 -19 0 20 38 52 60 63 60 51 37 19 0 -20 -38 16348
-37 -19 0 20 38 52 60 63 60 51 37 19 0 -20 -38 -52 15607
-19 0 20 38 52 60 63 60 51 37 19 0 -20 -38 -52 -61 13131
0 20 38 52 60 63 60 51 37 19 0 -20 -38 -52 -61 -63 9433
20 38 52 60 63 60 51 37 19 0 -20 -38 -52 -61 -63 -60 4798
38 52 60 63 60 51 37 19 0 -20 -38 -52 -61 -63 -60 -51 -210
52 60 63 60 51 37 19 0 -20 -38 -52 -61 -63 -60 -51 -37 -5211
60 63 60 51 37 19 0 -20 -38 -52 -61 -63 -60 -51 -37 -19 -9752
63 60 51 37 19 0 -20 -38 -52 -61 -63 -60 -51 -37 -19 0 -13379
60 51 37 19 0 -20 -38 -52 -61 -63 -60 -51 -37 -19 0 20 -15727
51 37 19 0 -20 -38 -52 -61 -63 -60 -51 -37 -19 0 20 38 -16338
37 19 0 -20 -38 -52 -61 -63 -60 -51 -37 -19 0 20 38 52 -15552
19 0 -20 -38 -52 -61 -63 -60 -51 -37 -19 0 20 38 52 61 -13287
0 -20 -38 -52 -61 -63 -60 -51 -37 -19 0 20 38 52 61 63 -9630
-20 -38 -52 -61 -63 -60 -51 -37 -19 0 20 38 52 61 63 60 -4842
-38 -52 -61 -63 -60 -51 -37 -19 0 20 38 52 61 63 60 51 190
-52 -61 -63 -60 -51 -37 -19 0 20 38 52 61 63 60 51 37 5200
-61 -63 -60 -51 -37 -19 0 20 38 52 61 63 60 51 37 19 9835
-63 -60 -51 -37 -19 0 20 38 52 61 63 60 51 37 19 0 13277
-60 -51 -37 -19 0 20 38 52 61 63 60 51 37 19 0 -20 15519
-51 -37 -19 0 20 38 52 61 63 60 51 37 19 0 -20 -38 16348
-37 -19 0 20 38 52 61 63 60 51 37 19 0 -20 -38 -52 15663
-19 0 20 38 52 61 63 60 51 37 19 0 -20 -38 -52 -61 13232
0 20 38 52 61 63 60 51 37 19 0 -20 -38 -52 -61 -63 9433
20 38 52 61 63 60 51 37 19 0 -20 -38 -52 -61 -63 -60 4798
38 52 61 63 60 51 37 19 0 -20 -38 -52 -61 -63 -60 -51 -202
52 61 63 60 51 37 19 0 -20 -38 -52 -61 -63 -60 -51 -37 -5211
61 63 60 51 37 19 0 -20 -38 -52 -61 -63 -60 -51 -37 -19 -9752
63 60 51 37 19 0 -20 -38 -52 -61 -63 -60 -51 -37 -19 0 -13379
60 51 37 19 0 -20 -38 -52 -61 -63 -60 -51 -37 -19 0 20 -15727
51 37 19 0 -20 -38 -52 -61 -63 -60 -51 -37 -19 0 20 38 -16338
37 19 0 -20 -38 -52 -61 -63 -60 -51 -37 -19 0 20 38 52 -15552
19 0 -20 -38 -52 -61 -63 -60 -51 -37 -19 0 20 38 52 61 -13287
0 -20 -38 -52 -61 -63 -60 -51 -37 -19 0 20 38 52 61 63 -9630
-20 -38 -52 -61 -63 -60 -51 -37 -19 0 20 38 52 61 63 60 -4842
-38 -52 -61 -63 -60 -51 -37 -19 0 20 38 52 61 63 60 51 190
-52 -61 -63 -60 -51 -37 -19 0 20 38 52 61 63 60 51 37 5200
-61 -63 -60 -51 -37 -19 0 20 38 52 61 63 60 51 37 19 9835
-63 -60 -51 -37 -19 0 20 38 52 61 63 60 51 37 19 0 13277
-60 -51 -37 -19 0 20 38 52 61 63 60 51 37 19 0 -20 15519
-51 -37 -19 0 20 38 52 61 63 60 51 37 19 0 -20 -38 16348
-37 -19 0 20 38 52 61 63 60 51 37 19 0 -20 -38 -52 15663
-19 0 20 38 52 61 63 60 51 37 19 0 -20 -38 -52 -61 13232
